1	0.989071038251366
2	0.988888888888889
3	0.933333333333333
4	0.927777777777778
5	0.852459016393443
6	0.85
7	0.836065573770492
8	0.833333333333333
9	0.825136612021858
10	0.822222222222222
11	0.786885245901639
12	0.783333333333333
13	0.772222222222222
14	0.772222222222222
15	0.759562841530055
16	0.755555555555556
17	0.748633879781421
18	0.743169398907104
19	0.738888888888889
20	0.736263736263736
21	0.733333333333333
22	0.726775956284153
23	0.725274725274725
24	0.716666666666667
25	0.710382513661202
26	0.709497206703911
27	0.705555555555556
28	0.70391061452514
29	0.681318681318681
30	0.672222222222222
31	0.666666666666667
32	0.666666666666667
33	0.666666666666667
34	0.66120218579235
35	0.66120218579235
36	0.66120218579235
37	0.66120218579235
38	0.661111111111111
39	0.655737704918033
40	0.655555555555556
41	0.655555555555556
42	0.65
43	0.648351648351648
44	0.644444444444444
45	0.644444444444444
46	0.639344262295082
47	0.638888888888889
48	0.638888888888889
49	0.638888888888889
50	0.633333333333333
51	0.633333333333333
52	0.633333333333333
53	0.631284916201117
54	0.627777777777778
55	0.625698324022346
56	0.622222222222222
57	0.622222222222222
58	0.616666666666667
59	0.577777777777778
60	0.566666666666667
61	0.555555555555556
62	0.55
63	0.55
64	0.546448087431694
65	0.538888888888889
66	0.527777777777778
67	0.516666666666667
68	0.513661202185792
69	0.511111111111111
70	0.461111111111111
71	0.455555555555556
72	0.45
73	0.45
74	0.448087431693989
75	0.444444444444444
76	0.433333333333333
77	0.433333333333333
78	0.431693989071038
79	0.416666666666667
